5
0
24
8
8
3
4
9
6
20
14
23
13
8
2
19
1
13
2
11
22
6
14
7
15
21
12
13
11
19
73
104
175
201
75
219
67
82
6
89
224
127
30
48
213
5
24
145
83
103
120
60
127
162
114
235
165
236
43
8
185
102
142
215
157
205
226
197
208
118
162
218
13
210
214
46
105
220
6
219
58
2
50
192
151
67
35
175
203
113
173
77
215
235
21
51
222
230
137
75
171
4
49
46
29
145
77
213
208
231
48
219
138
232
146
158
70
220
86
187
165
136
65
232
99
97
21
103
176
89
46
182
133
113
72
156
30
86
146
93
223
190
71
150
201
61
136
49
27
24
13
78
61
189
143
203
21
105
39
54
84
59
3
124
98
50
198
169
16
16
67
129
215
175
152
148
89
207
101
48
205
225
1
233
44
27
84
142
220
118
129
203
61
25
137
199
227
47
179
176
161
91
192
17
130
186
175
31
154
113
69
233
13
77
210
234
128
124
205
197
69
171
168
89
130
97
49
45
55
52
70
101
91
86
156
207
93
196
8
96
189
17
139
184
174
10
141
139
213
204
62
145
58
81
71
31
137
108
147
175
129
61
96
60
116
90
107
139
45
18
211
77
86
4
194
90
123
97
190
168
158
202
189
30
38
57
53
114
200
113
206
30
153
34
103
75
154
78
113
103
156
189
203
53
78
61
145
7
212
1
185
209
160
97
109
151
141
192
9
184
30
4
113
110
37
109
20
87
134
10
92
63
111
66
37
4
36
103
43
0
143
146
29
138
141
78
20
13
39
66
94
36
140
16
48
74
63
107
128
64
119
54
2
142
89
138
113
19
117
132
32
107
1
116
72
128
56
27
66
74
26
19
118
69
63
144
126
79
59
129
117
1
88
13
46
39
24
129
143
40
7
0
104
127
104
147
99
63
95
121
62
32
120
40
60
105
129
43
124
86
106
140
82
11
75
67
37
85
102
109
59
29
108
75
84
59
61
111
94
23
130
49
104
103
90
134
98
133
67
117
64
141
47
42
45
8
11
40
15
43
11
8
44
48
21
32
33
22
18
37
10
28
31
1
31
33
46
47
23
27
26
35
28
32
32
8
17
38
4
35
38
40
25
40
26
12
11
42
49
2
12
36
9
16
3
24
7
7
9
29
2
45
47
39
33
39
34
25
15
20
16
16
7
11
18
2
32
25
2
40
38
10
44
11
10
34
45
3
13
30
12
6
19
30
13
43
32
10
16
25
34
27
7
4
39
14
34
14
4
0
18
4
30
1
29
36
19
22
6
36
28
47
29
43
48
19
27
4
35
46
35
33
28
36
0
38
12
14
17
21
45
3
49
34
30
17
48
45
41
39
3
21
27
5
49
1
34
42
9
28
23
2
21
2
17
14
20
36
8
25
16
33
10
42
25
10
40
30
43
21
43
6
21
14
30
47
38
22
27
22
20
38
28
41
24
3
9
11
2
14
26
10
8
11
46
18
48
16
47
41
9
38
27
8
27
8
16
19
16
31
36
32
4
0
27
35
17
30
24
27
13
14
48
41
30
33
6
44
43
24
17
0
13
26
22
14
45
17
4
42
0
47
0
18
42
15
45
43
13
16
46
33
32
47
23
30
27
9
19
18
16
37
14
35
12
42
29
7
44
30
36
38
3
17
9
26
22
17
22
44
49
14
25
9
44
5
14
10
10
14
24
12
28
2
13
38
43
6
37
27
41
17
33
28
1
45
1
6
13
46
46
34
24
38
45
41
49
21
3
41
27
35
19
27
30
30
48
24
22
0
46
23
12
9
8
39
8
1
11
14
7
18
41
39
9
15
7
36
31
5
16
22
46
27
17
7
8
31
48
44
4
29
9
23
18
32
43
21
22
29
37
37
28
21
23
30
15
5
23
40
39
37
49
14
1
31
22
14
0
8
9
17
10
40
23
17
44
7
26
32
17
28
20
21
42
15
21
17
19
30
21
31
33
23
20
29
4
12
10
17
10
18
10
14
12
15
1
44
2
15
3
27
19
37
35
25
41
46
0
39
12
16
17
12
39
9
23
32
11
48
29
48
1
44
2
20
32
10
43
1
40
17
47
21
26
39
41
19
30
29
8
28
1
43
40
26
23
20
49
2
10
40
4
14
36
27
7
45
6
24
22
8
20
47
28
1
49
23
0
13
34
33
31
29
31
19
33
31
16
47
21
9
13
34
15
22
43
14
27
3
6
17
36
40
8
4
5
15
20
9
3
37
17
36
6
37
9
3
4
31
17
3
35
0
19
0
26
23
38
19
19
6
25
48
22
22
22
23
28
12
47
41
12
36
2
39
6
42
4
2
48
30
42
47
24
3
34
29
35
10
5
39
31
12
33
20
27
27
45
42
2
49
0
35
13
31
22
46
29
40
0
21
25
41
49
8
22
34
0
39
31
35
48
44
49
48
31
44
1
0
5
44
13
11
47
42
30
37
20
3
3
5
12
33
8
11
20
33
0
28
48
46
20
34
3
18
11
33
31
12
40
36
10
3
18
41
9
26
7
46
14
0
4
25
17
4
38
7
0
42
13
26
3
49
3
19
4
25
25
22
39
29
5
24
47
0
43
38
19
3
43
26
28
39
35
48
1
43
38
12
12
45
4
22
6
18
31
28
24
23
13
8
7
16
46
47
2
46
5
10
7
41
1
27
33
7
20
41
10
48
2
43
20
23
27
30
45
10
7
39
22
2
2
38
42
17
33
8
29
17
29
45
36
25
20
1
1
22
6
14
20
26
33
18
16
25
30
6
7
31
13
0
0
32
38
45
33
22
17
2
40
8
45
40
1
32
45
37
23
31
32
6
16
23
3
46
10
18
49
40
30
25
40
15
28
17
10
33
37
7
33
14
8
41
36
0
4
18
15
7
33
29
8
28
37
16
19
27
41
10
15
2
28
14
41
49
31
23
37
37
27
25
30
22
31
41
49
42
18
26
20
21
4
33
10
27
32
15
5
10
45
29
27
9
26
11
35
41
33
6
13
34
5
23
6
15
3
25
31
11
40
41
14
2
4
26
30
6
25
34
47
17
35
18
35
46
1
33
29
29
19
13
20
23
25
12
12
22
7
1
7
19
34
22
44
17
3
8
46
10
48
16
49
34
0
39
32
9
46
40
7
44
9
36
2
20
32
3
8
8
12
27
40
32
49
39
41
21
15
9
1
22
32
26
0
4
8
42
14
2
37
24
24
8
38
42
1
4
10
6
47
24
42
39
41
32
48
23
22
21
26
23
47
25
16
8
9
43
30
45
1
49
21
22
13
3
13
46
3
40
41
39
3
29
46
39
47
32
45
34
7
40
10
41
47
22
10
49
43
10
16
31
19
23
6
34
11
40
13
18
3
4
36
3
27
19
37
39
8
12
11
31
46
4
37
10
44
21
30
9
40
47
44
0
45
34
26
2
44
9
19
34
25
24
15
15
9
18
48
31
43
7
35
15
11
38
5
44
41
36
40
12
22
25
28
38
16
23
9
12
18
22
46
3
11
36
10
9
1
36
40
5
49
23
4
31
48
23
33
3
40
40
6
5
31
8
32
49
47
34
11
43
34
33
41
47
14
48
25
44
6
33
29
41
32
45
40
26
44
16
12
34
4
44
13
17
20
25
10
0
18
32
10
46
9
13
44
2
18
18
12
31
28
1
25
5
42
28
8
33
4
36
24
24
14
29
0
45
8
5
43
23
15
46
20
17
9
37
11
21
2
48
6
13
34
10
34
13
29
38
25
3
40
7
18
15
8
42
1
42
4
30
0
36
40
16
7
2
46
43
45
3
32
